./load1.x 1   0 1750153171 609586470
./load1.x 1    1 1750153176 949277561
./load1.x 1    2 1750153182 358679019
./load1.x 1    3 1750153187 645689365
./load1.x 1    4 1750153193  35679659
./load1.x 1    5 1750153198 516643095
./load1.x 1    6 1750153203 824218691
./load1.x 1    7 1750153208 979305924
./load1.x 1    8 1750153213 979554658
./load1.x 1    9 1750153219 316824513
./load1.x 1   10 1750153223 585173935
./load4.x 4   0 1750153171 622733704
./load4.x 4    1 1750153177  33694909
./load4.x 4    2 1750153182 464857019
./load4.x 4    3 1750153187 663873345
./load4.x 4    4 1750153192 980099179
./load4.x 4    5 1750153198 572926963
./load4.x 4    6 1750153203 795757919
./load4.x 4    7 1750153208 948100642
./load4.x 4    8 1750153214  39777820
./load4.x 4    9 1750153219 354843602
./load4.x 4   10 1750153223 611967815
./load2.x 2   0 1750153171 610770187
./load2.x 2    1 1750153177  15970377
./load2.x 2    2 1750153182 400924739
./load2.x 2    3 1750153187 688792908
./load2.x 2    4 1750153193  51748669
./load2.x 2    5 1750153198 501251913
./load2.x 2    6 1750153203 790635229
./load2.x 2    7 1750153209  38455936
./load2.x 2    8 1750153214 145589237
./load2.x 2    9 1750153219 379464567
./load2.x 2   10 1750153223 633266447
./load3.x 3   0 1750153171 612267442
./load3.x 3    1 1750153176 972612128
./load3.x 3    2 1750153182 334799721
./load3.x 3    3 1750153187 576068500
./load3.x 3    4 1750153192 966091146
./load3.x 3    5 1750153198 588057676
./load3.x 3    6 1750153203 898548814
./load3.x 3    7 1750153209 121098198
./load3.x 3    8 1750153214 168539536
./load3.x 3    9 1750153219 399112735
./load3.x 3   10 1750153223 638886943
